[-9.99999762e-01 -9.99999762e-01 -9.99999762e-01 -9.99999762e-01
 -9.99999762e-01 -9.99999762e-01 -9.99999762e-01 -9.99999762e-01
 -9.99999762e-01 -9.99999762e-01 -9.99999762e-01 -9.99999762e-01
 -9.99999762e-01 -9.99999762e-01 -9.99999762e-01 -9.99999762e-01
 -9.99999762e-01 -9.99999762e-01 -9.99999762e-01 -9.99999762e-01
 -9.99999762e-01 -9.99999762e-01 -9.99999762e-01 -9.99999762e-01
 -9.99999762e-01 -9.99999762e-01 -9.99999762e-01 -9.99999762e-01
 -9.99999762e-01 -9.99999762e-01 -9.99999762e-01 -9.99999762e-01
 -9.99999762e-01 -9.99999762e-01 -9.99999285e-01 -9.99997795e-01
 -9.99999404e-01 -9.99785900e-01 -9.99137044e-01 -9.98307526e-01
 -9.98349190e-01 -9.97600079e-01 -9.97348130e-01 -9.98546243e-01
 -9.98001039e-01 -9.95460927e-01 -9.96743619e-01 -9.99288797e-01
 -9.99829471e-01 -9.99943256e-01 -9.99943614e-01 -9.99999762e-01
 -9.99999762e-01 -9.99999762e-01 -9.99999762e-01 -9.99999762e-01
 -9.99999762e-01 -9.99999762e-01 -9.99993205e-01 -9.99999762e-01
 -9.99912143e-01 -9.99988496e-01 -9.99435961e-01 -9.98356104e-01
 -9.97026145e-01 -9.94107008e-01 -9.88520086e-01 -9.82354879e-01
 -9.75017250e-01 -9.68901396e-01 -9.63546455e-01 -9.52868044e-01
 -9.53455806e-01 -9.55946147e-01 -9.63974535e-01 -9.77318823e-01
 -9.86326754e-01 -9.91234183e-01 -9.96357322e-01 -9.99315917e-01
 -9.99961436e-01 -9.99988496e-01 -9.99999762e-01 -9.99999762e-01
 -9.99999762e-01 -9.99999762e-01 -9.99993205e-01 -9.99997854e-01
 -9.99880731e-01 -9.99834776e-01 -9.96826589e-01 -9.92394805e-01
 -9.84873235e-01 -9.66993868e-01 -9.46341038e-01 -9.28803742e-01
 -9.11268413e-01 -8.86802316e-01 -8.66517842e-01 -8.60207677e-01
 -8.52861106e-01 -8.72627854e-01 -8.89219344e-01 -9.14127946e-01
 -9.45308745e-01 -9.71786559e-01 -9.88158584e-01 -9.95749056e-01
 -9.98837292e-01 -9.99653757e-01 -9.99999762e-01 -9.99999762e-01
 -9.99999762e-01 -9.99999702e-01 -9.99999762e-01 -9.99999642e-01
 -9.99159396e-01 -9.93657172e-01 -9.86505747e-01 -9.67743993e-01
 -9.37888920e-01 -8.97393465e-01 -8.39113653e-01 -7.73634613e-01
 -6.97291911e-01 -6.12639368e-01 -5.37623346e-01 -4.97600257e-01
 -4.93821383e-01 -5.44356704e-01 -6.38964117e-01 -7.32011676e-01
 -8.17072868e-01 -8.92047882e-01 -9.43122685e-01 -9.68428969e-01
 -9.91628766e-01 -9.98688936e-01 -9.99973118e-01 -9.99973238e-01
 -9.99999762e-01 -9.99999762e-01 -9.99978065e-01 -9.99242187e-01
 -9.92394805e-01 -9.81682539e-01 -9.59147930e-01 -9.09458458e-01
 -8.46997142e-01 -7.53346562e-01 -6.48352623e-01 -5.14311731e-01
 -3.74836713e-01 -2.54542440e-01 -1.57828778e-01 -9.10913795e-02
 -1.00264870e-01 -1.65921196e-01 -2.93947965e-01 -4.70058739e-01
 -6.11677349e-01 -7.44336963e-01 -8.55761468e-01 -9.21463668e-01
 -9.63436186e-01 -9.88095403e-01 -9.97352183e-01 -9.99973118e-01
 -9.99999762e-01 -9.99999762e-01 -9.98555422e-01 -9.96538162e-01
 -9.83404040e-01 -9.56973433e-01 -9.10057425e-01 -8.28927934e-01
 -7.24924266e-01 -5.93161404e-01 -4.31842476e-01 -2.51489937e-01
 -8.01011994e-02  4.05356437e-02  1.35186628e-01  1.91840813e-01
  1.79510966e-01  1.10992409e-01 -2.84794420e-02 -2.18894362e-01
 -4.21236515e-01 -6.05873942e-01 -7.60855675e-01 -8.72874141e-01
 -9.36799407e-01 -9.76254702e-01 -9.95610118e-01 -9.99845505e-01
 -9.99839067e-01 -9.99598920e-01 -9.98018205e-01 -9.90513980e-01
 -9.68672752e-01 -9.25058246e-01 -8.47757697e-01 -7.35831261e-01
 -5.91533244e-01 -4.15228039e-01 -2.22856343e-01 -9.78184771e-03
  1.25553802e-01  2.21430898e-01  2.74670154e-01  3.11654478e-01
  3.07246536e-01  2.61696905e-01  1.39156461e-01 -3.22088450e-02
 -2.55594999e-01 -4.96934295e-01 -6.86543047e-01 -8.32698822e-01
 -9.23629045e-01 -9.70585704e-01 -9.96111035e-01 -9.99646723e-01
 -9.99678254e-01 -9.99530911e-01 -9.95851517e-01 -9.82402384e-01
 -9.57041919e-01 -8.97126198e-01 -8.05452228e-01 -6.67808831e-01
 -4.74496871e-01 -2.75184184e-01 -5.55758215e-02  1.00256272e-01
  1.71540156e-01  1.93140268e-01  1.88080311e-01  1.81778401e-01
  2.19837382e-01  2.11951911e-01  1.48344323e-01  1.39777660e-02
 -1.93238035e-01 -4.39633012e-01 -6.62304401e-01 -8.21299791e-01
 -9.21288490e-01 -9.72459793e-01 -9.95743990e-01 -9.99982178e-01
 -9.99894440e-01 -9.99078453e-01 -9.92624342e-01 -9.77534771e-01
 -9.46262956e-01 -8.83857548e-01 -7.75757432e-01 -6.23225212e-01
 -4.17056590e-01 -1.81437626e-01 -1.35044120e-02  1.05447516e-01
  7.49308392e-02  2.94777881e-02  1.00219259e-02  9.45074763e-03
  7.32497200e-02  1.20462291e-01  1.09107211e-01 -2.00639851e-03
 -2.14232445e-01 -4.42232907e-01 -6.75885737e-01 -8.31115484e-01
 -9.31621850e-01 -9.78458762e-01 -9.95925367e-01 -9.99066889e-01
 -9.99894440e-01 -9.99006867e-01 -9.93457079e-01 -9.79851186e-01
 -9.52124178e-01 -8.85165691e-01 -7.65698850e-01 -5.99704146e-01
 -3.64640921e-01 -1.38788491e-01 -1.77913578e-03  1.13598369e-02
 -6.95104226e-02 -1.45748749e-01 -1.66065156e-01 -1.12446494e-01
 -3.21475975e-02  5.15543260e-02  7.95445666e-02 -4.39930484e-02
 -2.64748484e-01 -4.90327746e-01 -7.04327822e-01 -8.41778874e-01
 -9.45500076e-01 -9.89910841e-01 -9.97858047e-01 -9.99478877e-01
 -9.99894440e-01 -9.99256790e-01 -9.94641423e-01 -9.86940384e-01
 -9.60476160e-01 -8.87668788e-01 -7.62833118e-01 -5.75664461e-01
 -3.31607580e-01 -1.14499509e-01 -2.28837691e-02 -6.33695722e-02
 -1.58765450e-01 -2.27492779e-01 -2.27121785e-01 -1.47693142e-01
  4.24805982e-03  1.02794871e-01  8.02910030e-02 -8.45044479e-02
 -3.32215667e-01 -5.47269464e-01 -7.39392102e-01 -8.58524263e-01
 -9.45818007e-01 -9.93603885e-01 -9.98313606e-01 -9.99940693e-01
 -9.99999762e-01 -9.99902070e-01 -9.98636186e-01 -9.89773393e-01
 -9.69298124e-01 -8.84113014e-01 -7.54701734e-01 -5.39698124e-01
 -2.78706193e-01 -1.01296812e-01 -4.03619744e-02 -1.04955152e-01
 -1.70979828e-01 -1.70572504e-01 -1.33705243e-01  1.47070084e-03
  1.44232795e-01  1.79273278e-01  9.29543376e-02 -1.25062466e-01
 -3.80580306e-01 -5.96990645e-01 -7.53655851e-01 -8.63397121e-01
 -9.42122519e-01 -9.93186831e-01 -9.98204172e-01 -9.99996364e-01
 -9.99999762e-01 -9.99923050e-01 -9.99243915e-01 -9.95436609e-01
 -9.72545981e-01 -8.82110000e-01 -7.30566263e-01 -5.01443684e-01
 -2.62782067e-01 -1.04356162e-01 -4.61747162e-02 -1.01185568e-01
 -9.51532125e-02 -2.37842835e-02  6.46170303e-02  2.02489778e-01
  2.84632564e-01  2.53829420e-01  1.01927228e-01 -1.65004849e-01
 -4.11731988e-01 -5.99134147e-01 -7.46429801e-01 -8.45374465e-01
 -9.38267529e-01 -9.91811156e-01 -9.96003389e-01 -9.99999523e-01
 -9.99999762e-01 -9.99998331e-01 -9.99488473e-01 -9.95355248e-01
 -9.62314844e-01 -8.62122893e-01 -6.99074984e-01 -4.77090120e-01
 -2.53234625e-01 -1.14297435e-01 -4.97736298e-02 -4.85182554e-02
  2.72965934e-02  1.28477916e-01  2.17223182e-01  3.24367255e-01
  3.31536055e-01  2.51636297e-01  7.87887648e-02 -1.90936983e-01
 -4.27253455e-01 -5.82652032e-01 -7.26260245e-01 -8.38418543e-01
 -9.33391094e-01 -9.87902164e-01 -9.98254120e-01 -9.99999762e-01
 -9.99999762e-01 -9.99998450e-01 -9.98981714e-01 -9.91621792e-01
 -9.51800287e-01 -8.33811045e-01 -6.75234318e-01 -4.66717392e-01
 -2.83769369e-01 -1.32631302e-01 -6.79404363e-02 -3.23114805e-02
  8.13768208e-02  1.88386604e-01  2.71092594e-01  3.22370738e-01
  2.70008087e-01  1.88481912e-01  4.77496833e-02 -2.03852281e-01
 -4.06559557e-01 -5.63102126e-01 -7.14015782e-01 -8.33211005e-01
 -9.32274461e-01 -9.86821771e-01 -9.96685803e-01 -9.99748707e-01
 -9.99999762e-01 -9.99998450e-01 -9.98957872e-01 -9.89385545e-01
 -9.37287867e-01 -8.10080290e-01 -6.59992754e-01 -4.88957316e-01
 -3.16933721e-01 -2.17113465e-01 -1.34097055e-01 -7.70274401e-02
  1.79461557e-02  1.20718680e-01  2.11181700e-01  2.26071894e-01
  1.76965624e-01  1.27439514e-01 -1.11231934e-02 -2.17086911e-01
 -3.97902519e-01 -5.66003382e-01 -7.13365555e-01 -8.44062388e-01
 -9.32965279e-01 -9.82329249e-01 -9.96296704e-01 -9.99754727e-01
 -9.99999762e-01 -9.99974191e-01 -9.98578727e-01 -9.83185053e-01
 -9.25655127e-01 -7.92829454e-01 -6.53327048e-01 -5.16698897e-01
 -3.77385944e-01 -2.85625011e-01 -2.39195809e-01 -1.78573459e-01
 -1.00881442e-01  1.66496374e-02  1.13087907e-01  1.34086266e-01
  1.30272374e-01  8.02308694e-02 -4.65102233e-02 -2.08356291e-01
 -3.96860301e-01 -5.84048629e-01 -7.34858692e-01 -8.58208001e-01
 -9.36398089e-01 -9.80268538e-01 -9.98018146e-01 -9.99739468e-01
 -9.99970257e-01 -9.99975801e-01 -9.99022126e-01 -9.79584992e-01
 -9.09139037e-01 -7.71460772e-01 -6.40106201e-01 -5.05811810e-01
 -3.90629530e-01 -3.12938839e-01 -2.72942036e-01 -2.39510223e-01
 -1.60583138e-01 -3.03749740e-02  7.39565045e-02  1.33877695e-01
  1.31528378e-01  7.35886842e-02 -3.47787514e-02 -2.18191415e-01
 -4.29217011e-01 -6.07944667e-01 -7.69973695e-01 -8.77458274e-01
 -9.51041818e-01 -9.84775066e-01 -9.98657644e-01 -9.99868989e-01
 -9.99999762e-01 -9.99785423e-01 -9.97515738e-01 -9.77049708e-01
 -8.91973197e-01 -7.55695105e-01 -6.17609143e-01 -4.82081741e-01
 -3.49458843e-01 -2.68557042e-01 -2.20926896e-01 -1.84264213e-01
 -9.07680318e-02  3.86976227e-02  1.38210282e-01  1.98346391e-01
  1.93287462e-01  9.71970856e-02 -4.97480668e-02 -2.62161732e-01
 -4.67809170e-01 -6.56678021e-01 -8.08169544e-01 -8.97091627e-01
 -9.52166438e-01 -9.88123238e-01 -9.98689711e-01 -9.99868989e-01
 -9.99999762e-01 -9.99983668e-01 -9.96255636e-01 -9.74195600e-01
 -8.98096085e-01 -7.65911043e-01 -6.07459188e-01 -4.50422853e-01
 -2.93524176e-01 -1.76478550e-01 -9.76937339e-02 -2.87651047e-02
  8.18573460e-02  1.87160581e-01  2.52854407e-01  2.64658868e-01
  1.99876681e-01  6.23940490e-02 -1.43578678e-01 -3.74239087e-01
 -5.55419326e-01 -7.36902535e-01 -8.50610852e-01 -9.20289695e-01
 -9.61984158e-01 -9.90057647e-01 -9.98639047e-01 -9.99970257e-01
 -9.99999762e-01 -9.99947190e-01 -9.97731686e-01 -9.78963196e-01
 -9.17672932e-01 -7.99932659e-01 -6.37865543e-01 -4.72918272e-01
 -2.95555800e-01 -1.20011598e-01  1.59934331e-02  1.23469904e-01
  2.35714912e-01  3.09068680e-01  3.03594619e-01  2.53958046e-01
  1.07948579e-01 -8.77013803e-02 -3.12951267e-01 -5.23373663e-01
 -6.87666953e-01 -8.26849937e-01 -9.04683352e-01 -9.48629022e-01
 -9.76323307e-01 -9.94463086e-01 -9.99555767e-01 -9.99999762e-01
 -9.99999762e-01 -9.99999762e-01 -9.98390079e-01 -9.87762570e-01
 -9.51272666e-01 -8.64616334e-01 -7.27508068e-01 -5.48268735e-01
 -3.58953625e-01 -1.72416359e-01 -1.18686985e-02  1.25213489e-01
  2.05189243e-01  2.12368637e-01  1.66418031e-01  5.61428964e-02
 -1.13178059e-01 -3.17498326e-01 -5.30010462e-01 -7.07310021e-01
 -8.26771557e-01 -9.07637239e-01 -9.50673580e-01 -9.74750400e-01
 -9.91090238e-01 -9.97635543e-01 -9.99998152e-01 -9.99999762e-01
 -9.99999762e-01 -9.99999762e-01 -9.99047577e-01 -9.95435178e-01
 -9.80712116e-01 -9.36424732e-01 -8.56675625e-01 -7.06406057e-01
 -5.38228035e-01 -3.63220185e-01 -1.82771146e-01 -4.73512262e-02
  5.94835263e-04 -2.26846952e-02 -1.11744806e-01 -2.34316185e-01
 -3.83207142e-01 -5.57543397e-01 -7.15669215e-01 -8.36357474e-01
 -9.04033840e-01 -9.52225149e-01 -9.77782011e-01 -9.89903927e-01
 -9.96538997e-01 -9.99353707e-01 -9.99624908e-01 -9.99999762e-01
 -9.99999762e-01 -9.99999762e-01 -9.99998569e-01 -9.99151826e-01
 -9.93223548e-01 -9.79825020e-01 -9.50064898e-01 -8.95299315e-01
 -8.10623825e-01 -7.05332875e-01 -5.95316827e-01 -4.99891967e-01
 -4.60351169e-01 -4.74885166e-01 -5.22719920e-01 -5.93934178e-01
 -6.83927476e-01 -7.84714937e-01 -8.71604383e-01 -9.26190734e-01
 -9.57969368e-01 -9.79643941e-01 -9.89678741e-01 -9.96006310e-01
 -9.99481201e-01 -9.99961376e-01 -9.99990642e-01 -9.99999762e-01
 -9.99999762e-01 -9.99999762e-01 -9.99980450e-01 -9.99783993e-01
 -9.99196887e-01 -9.94838655e-01 -9.82364416e-01 -9.61049795e-01
 -9.20191824e-01 -8.84809792e-01 -8.41760755e-01 -8.13500941e-01
 -8.10299516e-01 -8.05501938e-01 -8.18380296e-01 -8.42856050e-01
 -8.75027835e-01 -9.07115459e-01 -9.43287015e-01 -9.68838096e-01
 -9.81933475e-01 -9.91476297e-01 -9.95880842e-01 -9.98003244e-01
 -9.99998450e-01 -9.99966502e-01 -9.99990642e-01 -9.99999762e-01
 -9.99999762e-01 -9.99999762e-01 -9.99999762e-01 -9.99999762e-01
 -9.99864519e-01 -9.98872042e-01 -9.95937526e-01 -9.81424570e-01
 -9.63890791e-01 -9.44228888e-01 -9.33605790e-01 -9.28779185e-01
 -9.30780113e-01 -9.19895172e-01 -9.31558192e-01 -9.45730031e-01
 -9.61698413e-01 -9.72931623e-01 -9.83338594e-01 -9.90368962e-01
 -9.94490862e-01 -9.97855902e-01 -9.99707818e-01 -9.99922812e-01
 -9.99999762e-01 -9.99998271e-01 -9.99999762e-01 -9.99999762e-01
 -9.99999762e-01 -9.99999762e-01 -9.99999762e-01 -9.99999762e-01
 -9.99999762e-01 -9.99930143e-01 -9.99829590e-01 -9.98852670e-01
 -9.97948885e-01 -9.97662008e-01 -9.95698512e-01 -9.94442344e-01
 -9.93001044e-01 -9.93261278e-01 -9.93061006e-01 -9.92993772e-01
 -9.94251251e-01 -9.96815443e-01 -9.98334348e-01 -9.99466062e-01
 -9.99586165e-01 -9.99715209e-01 -9.99996006e-01 -9.99996722e-01
 -9.99999762e-01 -9.99999762e-01 -9.99999762e-01 -9.99999762e-01]
[-1.98626671e+01 -9.43457603e+00  2.32578945e+01 -2.46296644e+00
 -3.63091545e+01 -8.62790883e-01  6.28462839e+00 -1.87630856e+00
  7.39462280e+00  5.02364349e+01  5.65481606e+01 -8.04541397e+01
  2.07804432e+01  1.73802471e+01  3.25099182e+01  4.02363968e+00
  2.88634262e+01  4.41401958e+00  5.09321404e+00  3.87809715e+01
 -3.66525497e+01  1.00684519e+01  1.73715496e+00  1.33087320e+01
 -1.86370051e+00 -3.94520497e+00 -1.65484467e+01 -6.06442356e+00
  6.08450699e+00  1.71754036e+01 -3.25088730e+01  3.25493813e+01
  2.73023930e+01  2.25633125e+01  1.54082985e+01  2.33509464e+01
  1.55116081e+01 -2.21908493e+01  3.86059914e+01  6.78907242e+01
  3.29833374e+01  3.65197468e+00 -8.60546494e+00 -1.30213032e+01
 -2.20203280e-01  7.93779039e+00 -1.79986687e+01  1.56143980e+01
 -2.96029282e+01  6.10356865e+01  1.72960186e+01  7.17695570e+00
 -2.34661350e+01  4.18544149e+00 -3.07657871e+01  2.15424709e+01
  6.14909172e+00  2.83148308e+01  2.57663918e+00  2.04822979e+01
  1.50994551e+00  1.78511393e+00  3.05554466e+01 -1.89141731e+01
 -1.52223883e+01 -2.72645664e+00 -5.60299397e+00  3.81554070e+01
  4.70884476e+01 -7.90619946e+00  3.05269504e+00  8.67492390e+00
  5.25512934e-01 -7.50271759e+01 -5.20688057e+00  1.71911240e+01
 -3.21502762e+01 -2.98845196e+00 -1.26483421e+01  1.14211977e+00
  4.99847555e+00 -1.42990899e+00 -3.82268757e-01 -8.20401096e+00
  1.19553108e+01 -2.28313904e+01 -3.71710510e+01 -5.56741676e+01
  7.57959890e+00 -2.93127861e+01  1.28402081e+01  2.40194321e+01
  6.98415852e+00 -2.50311756e+01  1.79898567e+01 -1.25673208e+01
 -2.63890457e+01  2.41618805e+01 -3.32282446e-02  1.47546518e+00
  2.21761570e+01 -1.13628302e+01 -2.19338188e+01 -3.76247711e+01
  3.30977745e+01 -2.73058224e+01 -3.15297484e+00  3.91202774e+01
  6.75705135e-01  2.12615852e+01  3.27765427e+01  9.74922085e+00
 -2.47433305e+00  2.12376142e+00  2.66052866e+00 -5.31011086e+01
  2.66792240e+01 -2.99614906e+01  3.60176620e+01 -6.19076967e+00
 -3.28595772e+01  4.28789558e+01 -5.46090078e+00 -1.40939207e+01
  2.47447085e+00  1.07501316e+00  4.08133888e+01  9.73130417e+00
 -8.53766823e+00  5.88597870e+01 -2.42249184e+01  4.02251015e+01
  1.43588810e+01  2.85140455e-01 -2.48076267e+01 -5.96391916e+00
  1.88411980e+01 -1.54239159e+01  3.95843391e+01  2.96080322e+01
 -9.74550629e+00  2.70522594e+00  1.10840635e+01  9.57355881e+00
 -1.30078936e+01 -5.33486223e+00 -1.56716561e+00  1.40011845e+01
 -3.21677895e+01  8.53097248e+00 -3.92776608e+00  1.96878414e+01
  3.17933922e+01  4.49716339e+01  8.22548962e+00  1.87434711e+01
  1.09034300e+01  5.28658218e+01  1.89734993e+01  3.67323661e+00
 -8.54851837e+01 -7.20149326e+00 -3.49027491e+00  1.29604614e+00
 -6.05530624e+01 -7.33313751e+00  6.17208481e+00  8.87807655e+00
 -1.37404575e+01 -2.73574104e+01  2.94720287e+01 -1.43882866e+01
  5.29218140e+01  1.24805889e+01  1.09913368e+01 -1.76986408e+01
 -2.29150200e+01  1.34394836e+01  1.97723198e+01  6.01934099e+00
 -9.60937119e+00 -3.51897011e+01 -1.82363453e+01 -1.09874468e+01
 -1.44418087e+01  2.38635755e+00 -8.42453957e+00  1.45148373e+01
 -1.38830576e+01  1.14639950e+01  3.74399681e+01  6.47521257e+00
  4.87845078e+01 -7.77978182e+00  1.28457661e+01 -3.66504707e+01
  1.90315914e+01  3.83004570e+01 -3.88405571e+01  1.58555813e+01]
[ 2.8783255e+00  6.1615939e+00  5.0703335e+00 -2.4927473e+00
 -8.2846564e-01  7.2499838e+00  1.6665093e+00  4.7088337e+00
 -1.3805829e+01  2.7577190e+00 -8.7368498e+00  1.4218866e+00
  5.2936950e+00 -7.8748684e+00 -2.1189151e+00 -6.2137952e+00
 -6.8566227e-01  1.9533672e+01  2.1676180e+00 -8.3046694e+00
  2.1721671e+00  5.2308273e+00 -1.4444269e+01 -3.3766572e+00
  5.2925105e+00 -3.5265160e+00  1.2525301e+00 -4.9584532e+00
  1.0683991e+01  3.1336052e+00 -1.0514857e+01 -1.2049884e+01
 -8.7410269e+00 -4.1242943e+00  1.2810225e+00  7.1946731e+00
 -9.3949497e-01 -2.8532331e+00  5.8929572e+00  3.0503726e+00
  3.0728714e+00 -2.9667189e+00 -3.0937994e+00  3.0832425e-01
 -1.2907336e+01 -8.6476002e+00  6.0102792e+00 -9.1623468e+00
  3.8442523e+00  1.9088750e+00  2.4451609e+00 -9.8703823e+00
 -6.4014964e+00 -3.6501169e+00  5.2645617e+00  4.1620970e+00
  8.2116814e+00  2.7773392e+00 -8.2193500e-01  1.2195216e+01
  1.3441309e+01 -9.1299534e+00 -6.7674023e-01 -8.0517540e+00
  1.1546484e+01  3.0236685e-01  3.2995281e+00 -5.0299282e+00
 -5.8346891e-01 -1.5287459e-01 -1.3417385e+01 -1.1131189e-02
 -5.5584736e+00 -8.5447321e+00  5.0464740e+00  5.4545412e+00
 -5.3467302e+00 -7.3044705e+00 -7.5758109e+00 -1.0529748e+00
 -7.3920693e+00  1.8227783e+00  3.8202391e+00  1.4061138e+01
 -1.4229720e+00  7.3832331e+00 -2.3419142e+01  1.3195833e+01
 -3.9640214e+00 -8.1772547e+00 -6.2118115e+00 -4.5262303e+00
 -9.1243992e+00 -2.9511940e+00  9.6369066e+00  1.1613114e+01
 -1.1427708e+01 -8.3464212e+00  7.8594309e-01  3.6317141e+00]
[  6.8417068    0.9021799   -4.079255    -9.071735     3.2625988
  -1.02043      3.2409813  -14.100569     1.5444827    4.3714533
  -0.34377927   2.4540596    3.457737    -0.821478     6.4311185
   0.58358264  -4.8581376    1.1643353    0.90487087  -6.334794
 -10.532006    -5.895156    -1.3451865   -4.993549    -2.409453
   8.001843     0.22794583  -4.3873177    2.045533    -4.1533055
   6.420515    -2.1807387   -3.4868803    0.58094335  -7.773263
   2.757252     0.8255083    1.3030444   -4.024797     5.65522
   0.9008185   -8.100434     5.9153643   -5.522545     9.964265
   2.3547173   -1.9657552   -7.3675222    5.0178885    7.957752
   1.276445     4.8734765    2.8156648    2.389946     0.47919935
  -2.4792275   -3.243197    -0.07181496  -3.1085777   -1.6422486
  -6.4768724    8.724634     1.8405309   -1.6139792   -1.2237124
   2.9000647   -1.5693687   -7.523676    -2.0790625    0.8785783
   2.2171705    4.979026     5.7916846    4.453133    -0.9337812
  -4.451625    -3.5838013   13.328207    -2.5421033    0.74396294
   2.4057593    2.3710167    1.6036464    4.2198987   -4.676558
   0.55185914  -1.4817026    4.059774    -2.087915     2.8700602
  -1.9116063   -5.331612     7.426151    -5.443546     2.3673034
   5.4979625    2.1980858   -4.4643908   -9.032608     4.1950808 ]
[ 0.03972236 -6.3284817  -0.5675893   9.486618    1.5170213  -5.973956
 -0.70515364 -3.5242105   0.25306374 -6.8552527   3.6100173   0.98043656
  1.8774296  -0.657001    1.7702498   0.08612736 -3.0099506   2.7220716
 -0.81539774  0.3583469  -2.2319236   1.7767209   0.9504555   6.182369
 -0.08965413 -3.095722    1.0535096  -5.4778433   1.0962179   1.5693551
 -0.44501945 -4.8828125   2.7798781   6.58989     2.745619    3.0073216
 -1.7732303  -4.0982585   0.3665666   0.09126689 -1.3362243   3.1196578
 -3.0997531  -2.2663047   4.038967    2.9774752  -0.46535543 -1.3684028
  4.483096    1.387962   -3.9318907   5.8790593  -0.6242067  -1.3428735
 -2.822295    3.660092    3.945835   -4.9608293   3.035517   -1.7399253
  2.739715   -8.840541    1.5375327   0.9197902  -7.8273687   1.3683785
 -2.01813     2.1286716  -4.188077    2.225268    1.6027107  -4.680762
 -4.984226   -0.12906858  2.6650143   2.6402178   1.7618984  -2.3859868
  5.020939   10.090266    2.0718403   0.3463729   1.6130425  -2.308565
 -1.6280308  -5.888076    4.701236   -2.0874226  -4.9632053  -0.5421073
 -3.1076756   6.602487    0.17175186 -1.4539198  -3.273461   -2.8205464
 -0.7633019   2.8442254   7.742728    2.6541426 ]
