[7.48678413e-23 7.48678413e-23 7.48678413e-23 7.48678413e-23
 7.48678413e-23 7.48678413e-23 7.48678413e-23 7.48678413e-23
 7.48678413e-23 7.48678413e-23 7.48678413e-23 7.48678413e-23
 7.89254991e-05 7.89266924e-05 4.28766555e-07 7.48678413e-23
 7.48678413e-23 7.48678413e-23 7.48678413e-23 7.48678413e-23
 7.48678413e-23 7.48678413e-23 7.48678413e-23 7.48678413e-23
 7.48678413e-23 7.48678413e-23 7.48678413e-23 7.48678413e-23
 7.48678413e-23 7.48678413e-23 7.48678413e-23 7.48678413e-23
 7.48678413e-23 7.77234800e-06 1.22190453e-03 2.11686059e-03
 1.11734972e-03 2.06924379e-02 4.15420346e-02 5.81785776e-02
 5.74574992e-02 6.92578554e-02 7.27724880e-02 5.38792722e-02
 6.31967261e-02 9.52599421e-02 8.07008594e-02 3.77141051e-02
 1.84664186e-02 1.06549812e-02 1.06186895e-02 7.10329477e-05
 7.48678413e-23 7.48678413e-23 7.48678413e-23 7.48678413e-23
 7.48678413e-23 7.48678413e-23 3.69288912e-03 7.48678413e-23
 1.32561782e-02 4.80608456e-03 3.35871950e-02 5.73370308e-02
 7.71188289e-02 1.08444236e-01 1.51082292e-01 1.87023982e-01
 2.22217634e-01 2.47710332e-01 2.67664760e-01 3.03519577e-01
 3.01551998e-01 2.93611526e-01 2.66220242e-01 2.11852342e-01
 1.64963365e-01 1.32285878e-01 8.53184983e-02 3.69822718e-02
 8.79030395e-03 4.81305970e-03 7.48678413e-23 7.48678413e-23
 7.48678413e-23 7.48678413e-23 3.69288912e-03 2.06943578e-03
 1.54478895e-02 1.81697905e-02 7.96652511e-02 1.23220772e-01
 1.73483536e-01 2.55074710e-01 3.23392838e-01 3.70694816e-01
 4.12017792e-01 4.62636143e-01 4.99612778e-01 5.10649979e-01
 5.22544503e-01 4.88736749e-01 4.57851529e-01 4.05470461e-01
 3.26417148e-01 2.36191332e-01 1.53663084e-01 9.21796039e-02
 4.82189693e-02 2.63170339e-02 2.03720789e-04 7.48678413e-23
 7.48678413e-23 8.44814174e-04 1.74000335e-04 8.88575451e-04
 4.10019346e-02 1.12426139e-01 1.63875252e-01 2.51912206e-01
 3.46519530e-01 4.40831423e-01 5.43989599e-01 6.33883357e-01
 7.17484534e-01 7.90446460e-01 8.40815067e-01 8.65605235e-01
 8.67737889e-01 8.37542832e-01 7.69443512e-01 6.81833684e-01
 5.76819360e-01 4.52633649e-01 3.32769871e-01 2.49509722e-01
 1.29101396e-01 5.11994734e-02 7.33534386e-03 7.32522691e-03
 7.48678413e-23 7.48678413e-23 6.63747359e-03 3.89296748e-02
 1.22868419e-01 1.90561399e-01 2.82778293e-01 4.15653795e-01
 5.30896366e-01 6.56104624e-01 7.61044741e-01 8.56822670e-01
 9.27874029e-01 9.67672050e-01 9.87938046e-01 9.96929049e-01
 9.95787144e-01 9.85737741e-01 9.54807460e-01 8.83190572e-01
 7.91877091e-01 6.68013632e-01 5.17557681e-01 3.88534635e-01
 2.68058449e-01 1.53781414e-01 7.27208033e-02 7.33216573e-03
 7.48678413e-23 7.48678413e-23 5.37497327e-02 8.31447467e-02
 1.81464270e-01 2.90459454e-01 4.14402157e-01 5.59565187e-01
 6.87600553e-01 8.04223537e-01 9.01593387e-01 9.67947185e-01
 9.96571720e-01 9.99360383e-01 9.90783274e-01 9.82275426e-01
 9.83833492e-01 9.93214369e-01 9.98856485e-01 9.76767898e-01
 9.07883108e-01 7.95826793e-01 6.48752272e-01 4.88125324e-01
 3.50090444e-01 2.16780096e-01 9.35544521e-02 1.75785068e-02
 1.79361291e-02 2.83221081e-02 6.29340261e-02 1.37474969e-01
 2.48283818e-01 3.79835069e-01 5.30645430e-01 6.76937342e-01
 8.06592345e-01 9.10507321e-01 9.75254834e-01 9.99720991e-01
 9.91375566e-01 9.75826442e-01 9.61844683e-01 9.51086044e-01
 9.52520609e-01 9.64406431e-01 9.89294469e-01 1.00001574e+00
 9.67448711e-01 8.68606031e-01 7.27667272e-01 5.53808689e-01
 3.83321285e-01 2.40813211e-01 8.81148428e-02 2.65827887e-02
 2.53157318e-02 3.05915289e-02 9.10210162e-02 1.86662853e-01
 2.89518028e-01 4.42049086e-01 5.93038201e-01 7.44905770e-01
 8.80280137e-01 9.60772157e-01 9.97912645e-01 9.95392025e-01
 9.86312628e-01 9.82422411e-01 9.83143091e-01 9.84317720e-01
 9.76643622e-01 9.77549255e-01 9.87915695e-01 1.00046778e+00
 9.82446730e-01 8.99108648e-01 7.49277472e-01 5.70307076e-01
 3.88693452e-01 2.33163834e-01 9.21374187e-02 5.97901363e-03
 1.45282820e-02 4.29021828e-02 1.21312790e-01 2.10969657e-01
 3.23585153e-01 4.68550831e-01 6.31624162e-01 7.82754838e-01
 9.09817576e-01 9.83321011e-01 9.99267638e-01 9.95098412e-01
 9.98064756e-01 1.00042582e+00 1.00052929e+00 1.00086784e+00
 9.97949362e-01 9.92020130e-01 9.93019104e-01 9.99895811e-01
 9.77865219e-01 8.97678316e-01 7.37067997e-01 5.56541264e-01
 3.63319069e-01 2.06285223e-01 9.01864991e-02 4.31152768e-02
 1.45282820e-02 4.45670038e-02 1.14260733e-01 1.99832723e-01
 3.06025386e-01 4.65812325e-01 6.44072950e-01 8.01161945e-01
 9.31289792e-01 9.90376472e-01 1.00055218e+00 1.00068355e+00
 9.98426378e-01 9.89762366e-01 9.86498415e-01 9.94674921e-01
 1.00041389e+00 9.99838531e-01 9.97038603e-01 9.99903560e-01
 9.64598358e-01 8.71978879e-01 7.09972024e-01 5.40363848e-01
 3.25852394e-01 1.41625047e-01 6.53803796e-02 3.22791822e-02
 1.45300282e-02 3.85512412e-02 1.03428125e-01 1.61173508e-01
 2.78566480e-01 4.60880220e-01 6.46947086e-01 8.18540573e-01
 9.44179535e-01 9.94314671e-01 9.99550283e-01 9.97619569e-01
 9.87524092e-01 9.73992884e-01 9.73260760e-01 9.89149094e-01
 1.00132108e+00 9.95346129e-01 9.96017218e-01 9.96630728e-01
 9.43038404e-01 8.36547971e-01 6.73849761e-01 5.13031662e-01
 3.24842393e-01 1.12871714e-01 5.80551997e-02 1.08996099e-02
 2.28639459e-04 1.40015930e-02 5.22113517e-02 1.42693177e-01
 2.45727062e-01 4.67705458e-01 6.56875968e-01 8.42776537e-01
 9.61356521e-01 9.95648563e-01 9.99471664e-01 9.93412673e-01
 9.85284150e-01 9.85742271e-01 9.90161598e-01 9.99563098e-01
 9.89723623e-01 9.82837558e-01 9.94993448e-01 9.93136048e-01
 9.25340116e-01 8.02805364e-01 6.58073962e-01 5.04928827e-01
 3.35387290e-01 1.16491571e-01 5.98940998e-02 2.74068885e-03
 7.48678413e-23 1.24052353e-02 3.88845243e-02 9.54600498e-02
 2.32493445e-01 4.71598268e-01 6.83525920e-01 8.66366446e-01
 9.65470016e-01 9.94038165e-01 9.99213099e-01 9.94339287e-01
 9.95363355e-01 9.99890029e-01 9.98071373e-01 9.79858875e-01
 9.59278762e-01 9.63931382e-01 9.90370333e-01 9.86645222e-01
 9.11734939e-01 8.01402032e-01 6.66451991e-01 5.34708500e-01
 3.46118599e-01 1.27822757e-01 8.93319398e-02 1.00782572e-03
 2.08417669e-06 1.81404967e-03 3.19854282e-02 9.63046253e-02
 2.71822900e-01 5.07321477e-01 7.16093600e-01 8.80007446e-01
 9.68158185e-01 9.94198143e-01 9.98906553e-01 9.99008894e-01
 1.00000143e+00 9.90751803e-01 9.76708293e-01 9.46785867e-01
 9.42522526e-01 9.65674758e-01 9.95010316e-01 9.81674790e-01
 9.03016865e-01 8.12844038e-01 6.88108504e-01 5.45573771e-01
 3.59183818e-01 1.55295476e-01 5.90895303e-02 2.74462800e-04
 2.08417669e-06 1.76629703e-03 4.51267026e-02 1.29215151e-01
 3.06804299e-01 5.52369595e-01 7.38544583e-01 8.85412931e-01
 9.59401608e-01 9.92061973e-01 9.98237431e-01 9.99844849e-01
 9.96548891e-01 9.82024252e-01 9.62789655e-01 9.47420657e-01
 9.62543070e-01 9.80294526e-01 9.98289764e-01 9.79114532e-01
 9.12911594e-01 8.26779723e-01 7.00994432e-01 5.53709805e-01
 3.62058938e-01 1.61831319e-01 8.13420266e-02 2.24230234e-02
 8.31947837e-05 1.77038845e-03 4.56535071e-02 1.45208195e-01
 3.48608166e-01 5.86695611e-01 7.52106547e-01 8.73166680e-01
 9.49454546e-01 9.76590693e-01 9.92128909e-01 9.97614026e-01
 1.00013852e+00 9.93096352e-01 9.78392899e-01 9.75381613e-01
 9.84277070e-01 9.91127253e-01 1.00017178e+00 9.76007521e-01
 9.16065276e-01 8.25037420e-01 7.01791406e-01 5.36924064e-01
 3.60172868e-01 1.87336370e-01 8.59846547e-02 2.21460592e-02
 7.48678413e-23 7.17813708e-03 5.32970876e-02 1.82504922e-01
 3.78483295e-01 6.09785914e-01 7.58101344e-01 8.57350469e-01
 9.27522004e-01 9.59456205e-01 9.72079039e-01 9.84447062e-01
 9.95330989e-01 1.00056577e+00 9.93838012e-01 9.91711974e-01
 9.90730345e-01 9.95684028e-01 9.98945296e-01 9.78793561e-01
 9.17488098e-01 8.11857998e-01 6.78938270e-01 5.14088988e-01
 3.50935161e-01 1.97859883e-01 6.29376024e-02 2.28279624e-02
 7.72091467e-03 6.95738150e-03 4.42067757e-02 2.01139316e-01
 4.16671962e-01 6.36724234e-01 7.69348145e-01 8.63918006e-01
 9.21712697e-01 9.50538993e-01 9.62957263e-01 9.71653104e-01
 9.88371968e-01 9.99897838e-01 9.97345686e-01 9.90720272e-01
 9.91642237e-01 9.95161057e-01 1.00003409e+00 9.76279974e-01
 9.03107762e-01 7.94598758e-01 6.37596488e-01 4.79956150e-01
 3.08984846e-01 1.73724666e-01 5.17993718e-02 1.61835887e-02
 7.48678413e-23 2.07206067e-02 7.04829320e-02 2.13158041e-01
 4.51382041e-01 6.54179573e-01 7.87369967e-01 8.77342820e-01
 9.37748730e-01 9.62767780e-01 9.75968540e-01 9.83385444e-01
 9.96213555e-01 9.99363184e-01 9.88730431e-01 9.79731143e-01
 9.78507757e-01 9.95446086e-01 9.98860657e-01 9.64530230e-01
 8.84645820e-01 7.54830003e-01 5.89460909e-01 4.42130715e-01
 3.05726469e-01 1.53544083e-01 5.11764213e-02 1.61835887e-02
 7.48678413e-23 5.73499128e-03 8.65027905e-02 2.25876495e-01
 4.38328803e-01 6.42001092e-01 7.94311523e-01 8.93628776e-01
 9.56155062e-01 9.83806491e-01 9.95946169e-01 1.00084305e+00
 9.97377098e-01 9.81379747e-01 9.64627326e-01 9.62386072e-01
 9.77967441e-01 9.97720778e-01 9.88815546e-01 9.27260041e-01
 8.32205832e-01 6.76188767e-01 5.25817573e-01 3.90962958e-01
 2.71998644e-01 1.40573978e-01 5.21656536e-02 7.72100734e-03
 7.48678413e-23 1.02756098e-02 6.73282593e-02 2.04159200e-01
 3.96953821e-01 5.98820686e-01 7.68446326e-01 8.80660713e-01
 9.55389142e-01 9.92309332e-01 9.98907745e-01 9.93011594e-01
 9.71551836e-01 9.48778689e-01 9.51617539e-01 9.67055500e-01
 9.94806170e-01 9.95954633e-01 9.48340535e-01 8.51794779e-01
 7.26472497e-01 5.62352538e-01 4.26418304e-01 3.16527486e-01
 2.16392189e-01 1.05127066e-01 2.97985282e-02 5.88157548e-07
 7.48678413e-23 1.01145370e-05 5.66904135e-02 1.56024024e-01
 3.08705688e-01 5.02401531e-01 6.85339808e-01 8.35591853e-01
 9.33219671e-01 9.84575927e-01 9.99142289e-01 9.91273046e-01
 9.78200734e-01 9.76558089e-01 9.85904813e-01 9.98304486e-01
 9.92904246e-01 9.46429014e-01 8.46251190e-01 7.05396593e-01
 5.61369717e-01 4.19178694e-01 3.10045123e-01 2.23405942e-01
 1.33225277e-01 6.87308535e-02 1.93099980e-03 5.88157548e-07
 7.48678413e-23 7.48678413e-23 4.36438769e-02 9.53217968e-02
 1.95475668e-01 3.50923806e-01 5.16081274e-01 7.07839787e-01
 8.43247890e-01 9.32577014e-01 9.83529747e-01 9.98260081e-01
 9.98987138e-01 9.99096096e-01 9.93912458e-01 9.72490072e-01
 9.24150288e-01 8.29631746e-01 6.98443949e-01 5.47615767e-01
 4.26599175e-01 3.05454612e-01 2.09683269e-01 1.41743749e-01
 8.31890106e-02 3.59522924e-02 2.73896679e-02 7.48678413e-23
 7.48678413e-23 7.48678413e-23 1.71181210e-03 4.11540158e-02
 1.16202720e-01 1.99888259e-01 3.11511159e-01 4.45329607e-01
 5.86235046e-01 7.09406853e-01 8.02578807e-01 8.65254998e-01
 8.85338485e-01 8.78045499e-01 8.53144646e-01 8.05102944e-01
 7.29749501e-01 6.19255066e-01 4.89637226e-01 3.76132280e-01
 2.86616921e-01 2.00697184e-01 1.43258080e-01 8.92681405e-02
 3.22114676e-02 8.79349839e-03 4.32516309e-03 7.48678413e-23
 7.48678413e-23 7.48678413e-23 6.25396101e-03 2.07735188e-02
 4.00508419e-02 1.01462960e-01 1.87094823e-01 2.76585251e-01
 3.90728414e-01 4.65599120e-01 5.40034652e-01 5.80768704e-01
 5.86339235e-01 5.92858195e-01 5.74366093e-01 5.37688196e-01
 4.83956009e-01 4.21017349e-01 3.31979781e-01 2.47611403e-01
 1.89178824e-01 1.30257219e-01 9.06887278e-02 6.31404445e-02
 1.75777753e-03 8.18493590e-03 4.32516309e-03 7.48678413e-23
 7.48678413e-23 7.48678413e-23 7.48678413e-23 2.34966537e-05
 1.64658297e-02 4.74864133e-02 9.00997594e-02 1.91999093e-01
 2.65892178e-01 3.29021543e-01 3.58169556e-01 3.70247215e-01
 3.65870863e-01 3.92083883e-01 3.63497317e-01 3.25146466e-01
 2.74232149e-01 2.31264263e-01 1.81738272e-01 1.38380155e-01
 1.04861744e-01 6.54636025e-02 2.41710190e-02 1.24280276e-02
 7.48678413e-23 1.86184049e-03 7.48678413e-23 7.48678413e-23
 7.48678413e-23 7.48678413e-23 7.48678413e-23 7.48678413e-23
 1.59234005e-05 1.18232025e-02 1.84624325e-02 4.79023419e-02
 6.40456453e-02 6.83439448e-02 9.26661789e-02 1.05362214e-01
 1.18220374e-01 1.15836121e-01 1.17624640e-01 1.18230745e-01
 1.07080460e-01 7.97667354e-02 5.77155612e-02 3.26772854e-02
 2.87700389e-02 2.38644686e-02 2.80680065e-03 2.55399267e-03
 7.48678413e-23 7.48678413e-23 7.48678413e-23 7.48678413e-23]
[19.799438  16.852142  14.182481  13.172403  14.712095  14.951598
 16.149181  14.138761  16.054268  17.723166  14.298009  14.955271
 14.910702  12.9210615 14.357368  14.442094  12.917928  11.467944
 16.836094  16.44599   15.181614  17.829334  13.638117  13.012977
 15.654954  13.293547  14.845282  14.844357  14.231387  16.077589
 15.586403  15.511295  13.977571  13.078206  12.351496  13.657803
 17.105415  14.950083  14.449796  14.03959   15.098775  17.134497
 15.598365  13.628754  18.109867  13.471856  13.734056  14.86894
 16.251612  14.461421  16.469276  17.229856  15.119026  12.042854
 13.240295  14.270716  15.949074  15.3245    17.964205  15.318784
 14.825379  12.953599  15.791955  18.676716  13.423665  17.72096
 15.037837  15.955035  16.057827  13.438199  16.370058  18.92552
 13.066914  13.429849  15.655753  13.017537  15.721413  18.266724
 13.825678  12.215235  15.152146  14.629412  13.959646  16.893042
 13.999641  14.7659645 14.13832   16.68787   12.906009  13.762635
 18.751745  15.22624   14.834889  15.94935   17.685335  14.098859
 15.017243  13.611092  16.191118  13.067757  14.547912  14.44491
 17.49867   16.126982  14.342522  15.728772  12.947684  14.992004
 15.394065  13.399203  15.241701  13.377367  15.609892  14.936414
 12.961925  13.103712  13.505577  13.720216  15.01243   12.991555
 13.694153  15.281367  14.204363  14.624869  13.926958  15.9515
 14.153212  12.5053625 15.321252  14.109921  14.423512  16.368359
 14.007534  18.068687  13.334737  14.851852  16.93705   14.1809845
 15.589152  13.21002   16.397663  16.51029   14.837117  13.536981
 14.691965  14.518184  15.111029  17.453016  18.24816   15.780265
 14.126017  16.325424  15.64029   13.869103  14.602947  16.079464
 15.4285965 14.787943  16.532154  12.844503  12.949827  18.24646
 15.221157  14.243627  17.835413  15.176934  15.773777  14.968682
 16.216055  16.31592   15.993019  14.03009   14.371723  15.619621
 14.382651  17.316334  16.161707  15.191448  12.4248295 15.334615
 14.296328  14.769416  12.804731  12.116522  17.224428  14.389382
 13.553651  14.18198   13.271935  15.321517  15.368286  15.555649
 13.008593  17.237844  16.829395  12.272454  13.732144  16.261908
 16.438648  13.097351 ]
[12.267573  12.639727  11.990436  10.96163   13.428306  14.7115345
 11.442605  14.03783   15.741186  12.816561  12.91483   10.90291
 12.797796  14.017176  13.896525  10.668069  12.695158  12.724138
 13.858597  12.924349  10.738312  14.582901  13.094406  13.790069
 13.192645  10.8924885 12.304743  13.938925  13.958726  12.793299
 12.21764   13.366894  12.47471   12.334431  12.105164  12.191159
 11.742192  12.6310425 13.486257  13.635843  12.735776  13.711098
 12.876829  14.028603  11.910044  12.191407  12.784761  12.259872
 12.3374405 14.193799  16.102488  11.886931  14.728483  13.594017
 12.914693  15.5751295 12.960011  13.09104   13.231736  12.611537
 11.272519  13.145818  12.004004  14.744478  13.236872  15.028025
 13.474464  15.545338  13.526812  13.458317  13.270375  14.018866
 13.106601  11.862674  13.020741  11.310923  11.937961  12.828871
 15.709896  11.170302  11.477542  14.435323  12.991579  14.682673
 12.662493  12.083799  14.185896  13.789826  15.582508  16.332047
 12.442237  13.227414  13.693306  14.874262  12.601916  12.194502
 12.396216  12.875321  13.672289  13.050053 ]
[ 9.281302   9.547133   9.323392   9.787297   9.159094  13.8540325
  8.760956   8.363684   9.714036   9.249591   8.986449   8.189204
 10.504914   9.349968   9.714188   9.092982   9.689357   8.406707
 12.703865   9.352059   8.718209   9.987827   9.213828   8.996985
 10.448924   8.8474245  8.964074   9.473409   8.236161   8.854658
  8.30706    9.137382   8.89516    9.546823   9.249341   8.564004
  9.05131    9.224278   9.273089   9.452694   8.39758    9.575723
  9.345577   8.091129   8.837192   8.450297   8.845971   8.440494
  8.9850025  8.460788   9.138834   8.300757   8.960572   9.092026
  8.75338    9.516046   8.980094   8.502615   9.729392  11.378392
  8.721619  10.171654   9.750181   9.733657   8.815138   8.281248
  9.274938   8.613571  10.294178   9.387263   9.967889   7.7475214
  8.264289  10.051094   9.530994  10.924309   8.654064   9.391057
  9.827061   7.770439   7.7867384  8.658623   9.248235   8.479536
  8.801797   8.67075    9.792641   9.609254   9.23311    8.328887
  9.075028   9.282829   8.286517  10.044981   9.512213   8.291188
  9.235072   9.500827   8.583301  10.820675 ]
[10.856193   9.477221  10.109674   8.890144   8.668925   8.319826
  8.522722   8.293365   8.957401   8.380249   9.281874   9.112709
  8.940921   8.367057   8.087658   9.053903   7.89041    9.86086
  8.540755   9.681936  10.358461   8.785231   9.51359   10.798814
  9.947377   8.29688    9.29182    8.83018    9.130275   9.129484
  9.267233   9.142347  10.244063  10.040057   8.6939     9.544155
  9.962102   8.645412   9.620665   8.3174305  8.368638   9.813003
  8.299258  10.170911  10.41957    9.774274   8.496384  11.501099
  8.041805   9.832136   9.11313    9.166708   8.927995  10.58095
 12.146698  10.04814    8.35093   10.915203   9.251066  10.941423
  9.734088  10.019088   9.238753   9.768478  10.20339   11.957265
  9.322629   9.016165   9.013892   8.378223  11.028888   9.464191
  9.451515   8.582162   9.144953  10.200011  12.033818   9.2826
  8.746365   8.480588  12.811318  11.584151   9.404419   9.4036045
  9.464807  10.265254   9.110411   8.667006  10.677114   9.538298
 10.21091    8.075682  10.223495   8.428576   9.006615  10.271415
  8.54392   10.328422   9.302649   9.206144 ]
